[LSTM]
TEST #1)
 - Prediction = [0, 2, 2, 0, 2, 5, 0, 2, 0, 0, 0, 2, 0, 2, 0, 0, 0, 2, 0, 2, 0, 0, 2, 2, 0, 2, 0, 0, 0, 2, 0, 2, 0, 0, 2, 0, 5, 3, 0, 3, 0, 0, 0, 2, 2, 0, 0, 0, 0, 0, 0, 0, 0, 0, 2, 2, 2, 0, 0, 2, 2, 0, 0, 0, 0, 0, 5, 0, 0, 0, 0, 0, 2, 5, 2, 2, 2, 2, 2, 0, 0, 2, 0, 0, 2, 0, 0, 0, 0, 2, 2, 2, 0, 2, 2, 0, 2, 2, 0, 2, 3, 0, 0, 0, 0, 2]
 - True = [0, 1, 2, 0, 2, 4, 0, 2, 3, 0, 2, 5, 0, 2, 3, 0, 2, 3, 0, 2, 0, 0, 2, 2, 0, 2, 3, 0, 0, 3, 0, 2, 1, 0, 0, 0, 3, 3, 0, 3, 2, 2, 0, 4, 0, 0, 0, 0, 0, 6, 6, 0, 3, 1, 6, 1, 2, 2, 4, 6, 6, 6, 4, 0, 0, 0, 3, 2, 2, 0, 0, 0, 6, 2, 0, 2, 2, 0, 2, 0, 2, 2, 0, 4, 0, 0, 2, 2, 0, 2, 2, 2, 1, 2, 4, 4, 2, 2, 0, 1, 6, 0, 6, 0, 2, 2]
 - Accuracy = 0.5471698113207547
TEST #2)
 - Prediction = [2, 2, 2, 0, 2, 2, 2, 2, 0, 2, 2, 2, 2, 0, 0, 2, 0, 2, 2, 0, 2, 2, 2, 0, 2, 2, 0, 2, 0, 0, 0, 2, 2, 2, 2, 0, 0, 2, 2, 0, 2, 2, 2, 2, 2, 0, 0, 2, 2, 2, 2, 2, 2, 2, 0, 2, 2, 2, 2, 2, 0, 2, 2, 2, 0, 2, 2, 2, 2, 2, 0, 0, 0, 0, 0, 0, 0, 2, 2, 0, 2, 2, 0, 2, 2, 2, 2, 2, 2, 0, 2, 2, 2, 0, 2, 2, 2, 0, 0, 2, 0, 0, 2, 2, 2, 0]
 - True = [0, 6, 4, 0, 6, 6, 6, 2, 0, 0, 6, 0, 2, 3, 0, 0, 3, 0, 4, 0, 4, 0, 0, 0, 0, 3, 4, 4, 3, 6, 0, 4, 4, 0, 1, 0, 2, 0, 4, 0, 0, 0, 0, 3, 2, 0, 0, 4, 2, 6, 2, 4, 2, 3, 0, 0, 4, 4, 4, 4, 0, 0, 4, 0, 6, 0, 0, 0, 4, 2, 1, 0, 1, 2, 0, 2, 2, 4, 2, 0, 0, 2, 2, 4, 2, 2, 6, 0, 6, 6, 0, 1, 3, 6, 2, 2, 0, 0, 0, 2, 1, 0, 6, 6, 2, 6]
 - Accuracy = 0.3113207547169811
TEST #3)
 - Prediction = [2, 0, 5, 2, 0, 2, 0, 0, 2, 2, 2, 2, 0, 0, 2, 2, 4, 4, 0, 0, 4, 0, 0, 2, 0, 2, 0, 0, 0, 2, 2, 2, 2, 2, 0, 0, 0, 0, 0, 2, 0, 2, 2, 2, 0, 2, 2, 0, 2, 0, 0, 2, 0, 0, 2, 4, 2, 0, 0, 2, 0, 2, 2, 4, 0, 0, 2, 0, 2, 0, 2, 0, 2, 4, 2, 4, 2, 2, 0, 0, 0, 0, 2, 0, 0, 2, 2, 0, 4, 2, 2, 2, 0, 0, 0, 2, 4, 2, 0, 0, 0, 2, 4, 0, 0, 0]
 - True = [0, 0, 3, 2, 3, 6, 2, 0, 6, 0, 4, 2, 0, 4, 5, 4, 1, 0, 2, 0, 3, 0, 0, 2, 0, 2, 6, 0, 0, 2, 1, 2, 6, 6, 0, 0, 2, 0, 0, 2, 0, 1, 2, 2, 2, 3, 3, 0, 0, 0, 0, 1, 0, 2, 2, 0, 3, 0, 1, 4, 2, 1, 2, 0, 0, 0, 0, 6, 0, 0, 2, 2, 3, 6, 1, 4, 2, 2, 1, 3, 0, 0, 1, 0, 0, 2, 2, 0, 0, 3, 1, 2, 1, 0, 0, 0, 3, 0, 0, 0, 3, 1, 0, 2, 0, 3]
 - Accuracy = 0.4716981132075472
TEST #4)
 - Prediction = [2, 2, 0, 2, 0, 2, 0, 2, 0, 0, 2, 0, 0, 2, 0, 0, 2, 2, 0, 0, 0, 0, 0, 0, 0, 0, 0, 0, 2, 0, 2, 0, 2, 0, 0, 0, 0, 0, 2, 2, 0, 0, 0, 0, 2, 2, 0, 0, 0, 0, 0, 2, 0, 0, 2, 0, 0, 2, 2, 0, 2, 2, 0, 2, 0, 0, 0, 2, 0, 0, 0, 2, 0, 0, 0, 0, 0, 0, 0, 0, 2, 0, 0, 2, 2, 0, 0, 2, 0, 0, 2, 0, 0, 0, 0, 0, 0, 2, 2, 0, 0, 0, 0, 0, 0, 0]
 - True = [2, 2, 0, 1, 0, 3, 1, 2, 0, 0, 2, 0, 0, 4, 0, 0, 6, 6, 3, 6, 0, 2, 1, 0, 3, 0, 2, 0, 4, 0, 4, 2, 2, 0, 2, 2, 0, 0, 3, 4, 0, 0, 0, 0, 4, 4, 0, 6, 6, 0, 0, 0, 0, 0, 2, 0, 0, 1, 4, 2, 4, 0, 0, 2, 0, 0, 5, 4, 0, 3, 6, 0, 6, 0, 0, 4, 0, 0, 0, 2, 2, 0, 0, 4, 0, 0, 0, 2, 2, 0, 1, 0, 2, 0, 0, 6, 4, 0, 6, 0, 0, 0, 0, 6, 2, 0]
 - Accuracy = 0.5471698113207547
TEST #5)
 - Prediction = [0, 0, 0, 2, 0, 0, 0, 0, 3, 0, 2, 0, 0, 0, 0, 0, 0, 0, 0, 2, 0, 0, 0, 0, 0, 0, 0, 2, 0, 0, 2, 0, 0, 0, 0, 0, 0, 0, 0, 0, 0, 0, 0, 0, 0, 0, 0, 0, 0, 2, 0, 0, 2, 0, 2, 0, 0, 0, 0, 0, 2, 0, 0, 0, 0, 2, 0, 0, 0, 0, 0, 2, 0, 0, 0, 0, 0, 0, 0, 0, 0, 0, 0, 0, 0, 6, 2, 2, 0, 2, 0, 0, 0, 0, 0, 0, 0, 0, 0, 0, 0, 0, 0, 6, 0, 0]
 - True = [0, 4, 0, 0, 0, 0, 4, 0, 6, 3, 0, 0, 0, 0, 0, 0, 2, 2, 0, 3, 0, 3, 0, 0, 0, 0, 6, 0, 2, 4, 2, 0, 6, 3, 0, 2, 3, 4, 0, 0, 3, 0, 0, 0, 6, 6, 0, 3, 0, 2, 0, 0, 4, 6, 2, 6, 0, 0, 0, 6, 0, 0, 0, 0, 2, 2, 0, 6, 6, 0, 2, 2, 2, 2, 0, 0, 0, 0, 0, 0, 0, 0, 1, 0, 0, 3, 0, 2, 0, 6, 0, 0, 0, 0, 6, 0, 0, 0, 3, 5, 0, 2, 4, 4, 4, 4]
 - Accuracy = 0.5660377358490566

* Total Accuracy = 0.4886792452830188